INFO - Drosophila model selection 1 - Running command 'main'
INFO - Drosophila model selection 1 - Started run with ID "1"
INFO - Drosophila model selection 1 - Result: (           mse  n_block_try  ...         score  sim_ind
0     0.166239          1.0  ... -1.122196e+04        0
1     0.129570          2.0  ... -9.348767e+03        0
2     0.133854          3.0  ... -1.079856e+04        0
3     0.090412          4.0  ... -5.889938e+03        0
4     0.127972          5.0  ...          -inf        0
5     0.092456          6.0  ... -7.416076e+03        0
6     0.076752          7.0  ...          -inf        0
7     0.098904          8.0  ...          -inf        0
8     0.084244          9.0  ...          -inf        0
9     0.089020         10.0  ...          -inf        0
10    0.166239          1.0  ... -1.122196e+04        0
11    0.136616          2.0  ... -9.022050e+03        0
12    0.096033          3.0  ... -6.081275e+03        0
13    0.096497          4.0  ... -6.413094e+03        0
14    0.092194          5.0  ... -6.186085e+03        0
15    0.085891          6.0  ...          -inf        0
16    0.068715          7.0  ...          -inf        0
17    0.080221          8.0  ...          -inf        0
18    0.075474          9.0  ...          -inf        0
19    0.113144         10.0  ...          -inf        0
20    0.166239          1.0  ... -1.122196e+04        0
21    0.135506          2.0  ... -8.988437e+03        0
22    0.117961          3.0  ...          -inf        0
23    0.081009          4.0  ... -5.714203e+03        0
24    0.072572          5.0  ... -5.117423e+03        0
25    0.085621          6.0  ...          -inf        0
26    0.113775          7.0  ...          -inf        0
27    0.090163          8.0  ...          -inf        0
28    0.105723          9.0  ...          -inf        0
29    0.111789         10.0  ...          -inf        0
...        ...          ...  ...           ...      ...
5970  0.166239          1.0  ... -1.122196e+04       49
5971  0.136519          2.0  ... -9.011110e+03       49
5972  0.101200          3.0  ... -6.661019e+03       49
5973  0.110820          4.0  ... -7.662947e+03       49
5974  0.114404          5.0  ... -8.068139e+03       49
5975  0.117477          6.0  ... -8.513511e+03       49
5976  0.101396          7.0  ... -6.528885e+03       49
5977  0.064372          8.0  ... -4.737599e+03       49
5978  0.114659          9.0  ...          -inf       49
5979  0.114209         10.0  ...          -inf       49
5980  0.166239          1.0  ... -1.122196e+04       49
5981  0.136491          2.0  ... -9.134379e+03       49
5982  0.124857          3.0  ... -8.300786e+03       49
5983  0.129554          4.0  ... -8.561955e+03       49
5984  0.080480          5.0  ... -5.670893e+03       49
5985  0.117095          6.0  ... -8.415259e+03       49
5986  0.096199          7.0  ...          -inf       49
5987  0.112701          8.0  ... -8.114683e+03       49
5988  0.091955          9.0  ...          -inf       49
5989  0.089218         10.0  ...          -inf       49
5990  0.166239          1.0  ... -1.122196e+04       49
5991  0.136491          2.0  ... -9.134379e+03       49
5992  0.114307          3.0  ... -7.691344e+03       49
5993  0.109196          4.0  ... -7.084093e+03       49
5994  0.078538          5.0  ... -5.487532e+03       49
5995  0.126366          6.0  ...          -inf       49
5996  0.106401          7.0  ...          -inf       49
5997  0.104219          8.0  ...          -inf       49
5998  0.123746          9.0  ...          -inf       49
5999  0.064916         10.0  ... -4.629631e+03       49

[6000 rows x 8 columns],             rss       mse        score  n_components_try  n_params  directed
0   3069.390125  0.070606 -4775.165417               1.0     418.0      True
1   2670.641738  0.061434         -inf               2.0     836.0      True
2   2304.472540  0.053011         -inf               3.0    1254.0      True
3   2221.274860  0.051097         -inf               4.0    1672.0      True
4   2146.686214  0.049381         -inf               5.0    2090.0      True
5   2078.017729  0.047801         -inf               6.0    2508.0      True
6   2011.652955  0.046275         -inf               7.0    2926.0      True
7   1948.955614  0.044832         -inf               8.0    3344.0      True
8   1889.964833  0.043475         -inf               9.0    3762.0      True
9   1825.772856  0.041999         -inf              10.0    4180.0      True
10  1766.329478  0.040631         -inf              11.0    4598.0      True
11  1712.209040  0.039386         -inf              12.0    5016.0      True)
