INFO - Drosophila model selection 1 - Running command 'main'
INFO - Drosophila model selection 1 - Started run with ID "2"
INFO - Drosophila model selection 1 - Result: (           mse  n_block_try  ...         score  sim_ind
0     0.166239          1.0  ... -11221.955282        0
1     0.129570          2.0  ...  -9348.767178        0
2     0.133854          3.0  ... -10798.597511        0
3     0.090412          4.0  ...  -5890.086601        0
4     0.127972          5.0  ... -16295.799117        0
5     0.092456          6.0  ...  -7416.208957        0
6     0.076752          7.0  ...  -6595.710860        0
7     0.098904          8.0  ... -12789.197975        0
8     0.084244          9.0  ...  -5901.012810        0
9     0.089020         10.0  ...  -6621.521809        0
10    0.166239          1.0  ... -11221.955282        0
11    0.136616          2.0  ...  -9022.049945        0
12    0.096033          3.0  ...  -6081.411045        0
13    0.096497          4.0  ...  -6413.162946        0
14    0.092194          5.0  ...  -6186.154528        0
15    0.085891          6.0  ... -10610.564685        0
16    0.068715          7.0  ...  -5698.011265        0
17    0.080221          8.0  ...  -9208.196602        0
18    0.075474          9.0  ...  -7958.136848        0
19    0.113144         10.0  ... -17943.741200        0
20    0.166239          1.0  ... -11221.955282        0
21    0.135506          2.0  ...  -8988.436562        0
22    0.117961          3.0  ...  -7499.488643        0
23    0.081009          4.0  ...  -5714.202917        0
24    0.072572          5.0  ...  -5117.460020        0
25    0.085621          6.0  ... -10589.940972        0
26    0.113775          7.0  ... -17122.054935        0
27    0.090163          8.0  ... -12330.394799        0
28    0.105723          9.0  ... -15519.940221        0
29    0.111789         10.0  ... -17204.504535        0
...        ...          ...  ...           ...      ...
5970  0.166239          1.0  ... -11221.955282       49
5971  0.136519          2.0  ...  -9011.109557       49
5972  0.101200          3.0  ...  -6661.018905       49
5973  0.110820          4.0  ...  -7662.950546       49
5974  0.114404          5.0  ...  -8068.142120       49
5975  0.117477          6.0  ...  -8513.514283       49
5976  0.101396          7.0  ...  -6528.967910       49
5977  0.064372          8.0  ...  -4737.681375       49
5978  0.114659          9.0  ... -17885.124928       49
5979  0.114209         10.0  ...  -9449.440883       49
5980  0.166239          1.0  ... -11221.955282       49
5981  0.136491          2.0  ...  -9134.378617       49
5982  0.124857          3.0  ...  -8300.786352       49
5983  0.129554          4.0  ...  -8561.955223       49
5984  0.080480          5.0  ...  -5670.893026       49
5985  0.117095          6.0  ...  -8415.262758       49
5986  0.096199          7.0  ... -11660.671189       49
5987  0.112701          8.0  ...  -8114.685308       49
5988  0.091955          9.0  ... -12469.058962       49
5989  0.089218         10.0  ...  -7762.690807       49
5990  0.166239          1.0  ... -11221.955282       49
5991  0.136491          2.0  ...  -9134.378617       49
5992  0.114307          3.0  ...  -7691.343993       49
5993  0.109196          4.0  ...  -7084.093248       49
5994  0.078538          5.0  ...  -5487.531895       49
5995  0.126366          6.0  ... -13135.697867       49
5996  0.106401          7.0  ...  -6876.963815       49
5997  0.104219          8.0  ...  -9289.346853       49
5998  0.123746          9.0  ... -14602.221184       49
5999  0.064916         10.0  ...  -4629.683740       49

[6000 rows x 8 columns],             rss       mse        score  n_components_try  n_params  directed
0   3069.390125  0.070606 -9865.323669               1.0     418.0      True
1   2670.641738  0.061434 -8878.036470               2.0     836.0      True
2   2304.472540  0.053011 -7501.234134               3.0    1254.0      True
3   2221.274860  0.051097 -7225.033581               4.0    1672.0      True
4   2146.686214  0.049381 -7003.629894               5.0    2090.0      True
5   2078.017729  0.047801 -6843.424105               6.0    2508.0      True
6   2011.652955  0.046275 -6638.912047               7.0    2926.0      True
7   1948.955614  0.044832 -6398.862048               8.0    3344.0      True
8   1889.964833  0.043475 -6293.870214               9.0    3762.0      True
9   1825.772856  0.041999 -6033.051570              10.0    4180.0      True
10  1766.329478  0.040631 -5848.232618              11.0    4598.0      True
11  1712.209040  0.039386 -5645.806639              12.0    5016.0      True)
