INFO - Drosophila model selection 1 - Running command 'main'
INFO - Drosophila model selection 1 - Started run with ID "1"
INFO - Drosophila model selection 1 - Result: (     n_params_gmm  n_params_sbm  ...  n_components_try  n_block_try
0             2.0           1.0  ...               1.0          1.0
1             5.0           3.0  ...               1.0          2.0
2             8.0           6.0  ...               1.0          3.0
3            11.0          10.0  ...               1.0          4.0
4            14.0          15.0  ...               1.0          5.0
5            17.0          21.0  ...               1.0          6.0
6            20.0          28.0  ...               1.0          7.0
7            23.0          36.0  ...               1.0          8.0
8            26.0          45.0  ...               1.0          9.0
9            29.0          55.0  ...               1.0         10.0
10            5.0           1.0  ...               2.0          1.0
11           11.0           3.0  ...               2.0          2.0
12           17.0           6.0  ...               2.0          3.0
13           23.0          10.0  ...               2.0          4.0
14           29.0          15.0  ...               2.0          5.0
15           35.0          21.0  ...               2.0          6.0
16           41.0          28.0  ...               2.0          7.0
17           47.0          36.0  ...               2.0          8.0
18           53.0          45.0  ...               2.0          9.0
19           59.0          55.0  ...               2.0         10.0
20            9.0           1.0  ...               3.0          1.0
21           19.0           3.0  ...               3.0          2.0
22           29.0           6.0  ...               3.0          3.0
23           39.0          10.0  ...               3.0          4.0
24           49.0          15.0  ...               3.0          5.0
25           59.0          21.0  ...               3.0          6.0
26           69.0          28.0  ...               3.0          7.0
27           79.0          36.0  ...               3.0          8.0
28           89.0          45.0  ...               3.0          9.0
29           99.0          55.0  ...               3.0         10.0
..            ...           ...  ...               ...          ...
90           65.0           1.0  ...              10.0          1.0
91          131.0           3.0  ...              10.0          2.0
92          197.0           6.0  ...              10.0          3.0
93          263.0          10.0  ...              10.0          4.0
94          329.0          15.0  ...              10.0          5.0
95          395.0          21.0  ...              10.0          6.0
96          461.0          28.0  ...              10.0          7.0
97          527.0          36.0  ...              10.0          8.0
98          593.0          45.0  ...              10.0          9.0
99          659.0          55.0  ...              10.0         10.0
100          77.0           1.0  ...              11.0          1.0
101         155.0           3.0  ...              11.0          2.0
102         233.0           6.0  ...              11.0          3.0
103         311.0          10.0  ...              11.0          4.0
104         389.0          15.0  ...              11.0          5.0
105         467.0          21.0  ...              11.0          6.0
106         545.0          28.0  ...              11.0          7.0
107         623.0          36.0  ...              11.0          8.0
108         701.0          45.0  ...              11.0          9.0
109         779.0          55.0  ...              11.0         10.0
110          90.0           1.0  ...              12.0          1.0
111         181.0           3.0  ...              12.0          2.0
112         272.0           6.0  ...              12.0          3.0
113         363.0          10.0  ...              12.0          4.0
114         454.0          15.0  ...              12.0          5.0
115         545.0          21.0  ...              12.0          6.0
116         636.0          28.0  ...              12.0          7.0
117         727.0          36.0  ...              12.0          8.0
118         818.0          45.0  ...              12.0          9.0
119         909.0          55.0  ...              12.0         10.0

[120 rows x 7 columns],             rss       mse  score  n_components_try  n_params  directed
0   2002.449241  0.092126   -inf               1.0     209.0     False
1   3224.984315  0.148371   -inf               2.0     418.0     False
2   2982.463269  0.137213   -inf               3.0     627.0     False
3   3109.617736  0.143063   -inf               4.0     836.0     False
4   3060.310576  0.140795   -inf               5.0    1045.0     False
5   3017.994873  0.138848   -inf               6.0    1254.0     False
6   3114.250220  0.143276   -inf               7.0    1463.0     False
7   3200.474016  0.147243   -inf               8.0    1672.0     False
8   3175.416320  0.146090   -inf               9.0    1881.0     False
9   3255.044378  0.149754   -inf              10.0    2090.0     False
10  3218.514139  0.148073   -inf              11.0    2299.0     False
11  3301.450725  0.151889   -inf              12.0    2508.0     False)
