INFO - Drosophila model selection 1 - Running command 'main'
INFO - Drosophila model selection 1 - Started run with ID "2"
INFO - Drosophila model selection 1 - Result: (     n_params_gmm  n_params_sbm  ...  n_components_try  n_block_try
0             5.0           1.0  ...               1.0          1.0
1            11.0           3.0  ...               1.0          2.0
2            17.0           6.0  ...               1.0          3.0
3            23.0          10.0  ...               1.0          4.0
4            29.0          15.0  ...               1.0          5.0
5            35.0          21.0  ...               1.0          6.0
6            41.0          28.0  ...               1.0          7.0
7            47.0          36.0  ...               1.0          8.0
8            53.0          45.0  ...               1.0          9.0
9            59.0          55.0  ...               1.0         10.0
10           14.0           1.0  ...               2.0          1.0
11           29.0           3.0  ...               2.0          2.0
12           44.0           6.0  ...               2.0          3.0
13           59.0          10.0  ...               2.0          4.0
14           74.0          15.0  ...               2.0          5.0
15           89.0          21.0  ...               2.0          6.0
16          104.0          28.0  ...               2.0          7.0
17          119.0          36.0  ...               2.0          8.0
18          134.0          45.0  ...               2.0          9.0
19          149.0          55.0  ...               2.0         10.0
20           27.0           1.0  ...               3.0          1.0
21           55.0           3.0  ...               3.0          2.0
22           83.0           6.0  ...               3.0          3.0
23          111.0          10.0  ...               3.0          4.0
24          139.0          15.0  ...               3.0          5.0
25          167.0          21.0  ...               3.0          6.0
26          195.0          28.0  ...               3.0          7.0
27          223.0          36.0  ...               3.0          8.0
28          251.0          45.0  ...               3.0          9.0
29          279.0          55.0  ...               3.0         10.0
..            ...           ...  ...               ...          ...
90          230.0           1.0  ...              10.0          1.0
91          461.0           3.0  ...              10.0          2.0
92          692.0           6.0  ...              10.0          3.0
93          923.0          10.0  ...              10.0          4.0
94         1154.0          15.0  ...              10.0          5.0
95         1385.0          21.0  ...              10.0          6.0
96         1616.0          28.0  ...              10.0          7.0
97         1847.0          36.0  ...              10.0          8.0
98         2078.0          45.0  ...              10.0          9.0
99         2309.0          55.0  ...              10.0         10.0
100         275.0           1.0  ...              11.0          1.0
101         551.0           3.0  ...              11.0          2.0
102         827.0           6.0  ...              11.0          3.0
103        1103.0          10.0  ...              11.0          4.0
104        1379.0          15.0  ...              11.0          5.0
105        1655.0          21.0  ...              11.0          6.0
106        1931.0          28.0  ...              11.0          7.0
107        2207.0          36.0  ...              11.0          8.0
108        2483.0          45.0  ...              11.0          9.0
109        2759.0          55.0  ...              11.0         10.0
110         324.0           1.0  ...              12.0          1.0
111         649.0           3.0  ...              12.0          2.0
112         974.0           6.0  ...              12.0          3.0
113        1299.0          10.0  ...              12.0          4.0
114        1624.0          15.0  ...              12.0          5.0
115        1949.0          21.0  ...              12.0          6.0
116        2274.0          28.0  ...              12.0          7.0
117        2599.0          36.0  ...              12.0          8.0
118        2924.0          45.0  ...              12.0          9.0
119        3249.0          55.0  ...              12.0         10.0

[120 rows x 7 columns],             rss       mse        score  n_components_try  n_params  directed
0   3069.390125  0.070606 -4775.165417               1.0     209.0      True
1   2670.641738  0.061434         -inf               2.0     418.0      True
2   2304.472540  0.053011         -inf               3.0     627.0      True
3   2221.274860  0.051097         -inf               4.0     836.0      True
4   2146.686214  0.049381         -inf               5.0    1045.0      True
5   2078.017729  0.047801         -inf               6.0    1254.0      True
6   2011.652955  0.046275         -inf               7.0    1463.0      True
7   1948.955614  0.044832         -inf               8.0    1672.0      True
8   1889.964833  0.043475         -inf               9.0    1881.0      True
9   1825.772856  0.041999         -inf              10.0    2090.0      True
10  1766.329478  0.040631         -inf              11.0    2299.0      True
11  1712.209040  0.039386         -inf              12.0    2508.0      True)
